Zimbel
F0 41 10 30 12 01 00 00 00 00 00 00 00 00 00 00 00 00 00 00 00 00 00 00 00 00 00 00 00 00 00 00 00 00 00 00 00 00 00 49 00 00 36 F7 

All Off
 SYSX: F0 41 10 30 12 01 00 00 00 00 00 00 00 00 00 00 00 00 00 00 00 00 00 00 00 00 00 00 00 00 00 00 00 00 00 00 00 00 00 09 00 00 76 F7



 Clear
  TIMESTAMP IN PORT STATUS DATA1 DATA2 CHAN NOTE EVENT               
 00016B00   2  --     F0  Buffer:    44 Bytes   System Exclusive      
 SYSX: F0 41 10 30 12 01 00 00 00 00 00 00 00 00 00 00 00 00
 SYSX: 00 00 00 00 00 00 00 00 00 00 00 00 00 00 00 00 00 00
 SYSX: 00 00 00 09 00 00 76 F7
 00016B0A   2  --     F0  Buffer:    30 Bytes   System Exclusive      
 SYSX: F0 41 10 30 12 70 00 10 01 57 01 40 01 71 01 16 00 00
 SYSX: 40 40 40 44 00 01 00 00 40 40 59 F7
 00016B13   2  --     F0  Buffer:    30 Bytes   System Exclusive      
 SYSX: F0 41 10 30 12 71 00 10 01 57 01 40 01 61 01 32 00 00
 SYSX: 40 40 40 45 00 01 00 00 40 40 4B F7
 00016B1D   2  --     F0  Buffer:    30 Bytes   System Exclusive      
 SYSX: F0 41 10 30 12 72 00 10 01 57 01 40 01 18 01 1E 00 00
 SYSX: 40 40 40 43 00 01 00 00 40 40 29 F7
 00016B26   2  --     F0  Buffer:    30 Bytes   System Exclusive      
 SYSX: F0 41 10 30 12 73 00 10 01 57 01 40 01 19 01 28 00 00
 SYSX: 40 43 40 40 00 01 00 00 40 40 1D F7
 00016B30   2  --     F0  Buffer:    30 Bytes   System Exclusive      
 SYSX: F0 41 10 30 12 74 00 10 01 57 01 40 01 18 01 2B 01 64
 SYSX: 40 40 40 40 00 01 00 00 40 40 38 F7
 00016B39   2  --     F0  Buffer:    30 Bytes   System Exclusive      
 SYSX: F0 41 10 30 12 75 00 10 01 57 01 40 01 22 01 27 01 64
 SYSX: 40 45 45 3A 00 01 00 00 40 40 2D F7
 00016B43   2  --     F0  Buffer:    30 Bytes   System Exclusive      
 SYSX: F0 41 10 30 12 76 00 10 01 57 01 40 01 3D 01 32 00 00
 SYSX: 40 46 40 3C 00 01 00 00 40 40 6D F7
 00016B4D   2  --     F0  Buffer:    30 Bytes   System Exclusive      
 SYSX: F0 41 10 30 12 77 00 10 01 57 01 40 01 00 01 32 00 00
 SYSX: 40 40 40 40 00 01 00 00 40 40 2B F7
 00016B4F   2  --     BB    07    00   12  ---  CC: Volume            
 00016B4F   2  --     BC    07    00   13  ---  CC: Volume            
 00016B50   2  --     BE    07    00   15  ---  CC: Volume            
 00016B51   2  --     BD    07    00   14  ---  CC: Volume            
 00016B52   2  --     BB    50    00   12  ---  Control Change        
 00016B53   2  --     BB    51    00   12  ---  Control Change        
 00016B53   2  --     BB    5B    32   12  ---  CC: Reverb Depth      

-------------------------
Chimes
F0 41 10 30 12 01 00 00 00 00 00 00 00 00 01 00 00 00 00 00 00 00 00 00 00 00 00 00 00 00 00 00 00 00 00 00 00 00 00 09 00 00 75 F7 


Swell Tremelo
F0 41 10 30 12 01 00 00 00 00 00 00 00 00 00 00 00 00 00 00 00 00 00 00 00 00 00 00 00 00 00 00 00 00 00 00 00 00 08 09 00 00 6E F7 


Great Tremelo
F0 41 10 30 12 01 00 00 00 00 00 00 00 00 00 00 00 00 00 00 00 00 00 00 00 00 00 00 00 00 00 00 00 00 00 00 00 00 04 09 00 00 72 F7 

Choir Tremelo
F0 41 10 30 12 01 00 00 00 00 00 00 00 00 00 00 00 00 00 00 00 00 00 00 00 00 00 00 00 00 00 00 00 00 00 00 00 00 10 09 00 00 66 F7 


Full Organ
 00042D4C   2  --     BB    51    7F   12  ---  Control Change


Bass
F0 41 10 30 12 01 00 00 00 00 00 00 00 00 00 00 00 00 00 00 00 00 00 00 00 00 00 00 00 00 00 00 00 00 00 00 00 00 00 09 00 10 66 F7 

Mell1
F0 41 10 30 12 01 00 00 00 00 00 00 00 00 00 00 00 00 00 00 00 00 00 00 00 00 00 00 00 00 00 00 00 00 00 00 00 00 00 09 00 40 36 F7 

Mell3
F0 41 10 30 12 01 00 00 00 00 00 00 00 00 00 00 00 00 00 00 00 00 00 00 00 00 00 00 00 00 00 00 00 00 00 00 00 00 00 09 00 20 56 F7 
